161,6
161,5
161,4
161,3
161,2
161,1
161,0
160,10
160,9
160,8
160,7
160,6
160,5
160,4
160,3
160,2
160,1
160,0
159,3
159,2
159,1
159,0
158,3
158,2
158,1
158,0
157,4
157,3
157,2
157,1
157,0
94,3
94,2
94,1
94,0
49,3
49,2
49,1
49,0
12,3
12,2
12,1
12,0
4,2
3,6
3,5
3,4
3,3
3,2
3,1
3,0
2,11
2,8
2,7
2,5
2,4
2,2
1,2
0,453
0,447
0,446
0,445
0,444
0,443
0,442
0,437
0,434
0,431
0,423
0,418
0,410
0,380
0,377
4,1
4,3
0,374
0,367
4,0
0,364
0,362
0,361
0,352
0,347
0,327
0,325
0,322
0,243
2,10
2,9
1,1
1,3
1,0
2,1
2,6
2,3
2,0
228,1
228,3
0,463
0,455
228,0
184,1
184,3
0,454
184,0
0,9
0,310
0,305
0,308
0,304
0,303
0,302
0,307
0,12
0,448
0,10
0,8
0,0
0,464
0,300
0,433
0,299
0,432
0,298
0,462
0,297
0,430
0,296
0,429
0,295
0,428
0,294
0,427
0,293
0,426
0,292
0,425
0,291
0,424
0,290
0,422
0,289
0,421
0,288
0,420
0,287
0,419
0,286
0,451
0,285
0,417
0,284
0,416
0,283
0,441
0,282
0,415
0,281
0,414
0,280
0,413
0,279
0,412
0,278
0,411
0,277
0,409
0,276
0,408
0,275
0,407
0,274
0,406
161,7
161,8
162,0
162,1
162,3
162,4
163,0
163,2
163,3
163,5
164,0
164,2
164,4
164,5
164,7
164,8
164,10
164,11
165,1
165,3
165,4
165,6
165,7
165,9
165,11
166,0
166,2
166,3
166,5
166,6
167,1
167,3
167,4
168,1
168,2
168,4
169,1
169,2
170,0
170,1
170,3
171,0
171,2
172,0
172,1
172,3
173,0
173,2
174,0
174,1
174,3
175,0
175,2
175,4
175,5
175,7
175,8
176,1
176,2
176,4
177,1
177,2
178,0
178,1
178,3
179,1
179,2
180,0
180,1
180,3
181,0
181,2
181,4
181,5
182,1
182,2
182,4
183,0
183,1
183,3
183,4
185,0
185,1
185,3
186,1
186,2
187,0
187,1
187,3
187,5
188,0
188,2
188,3
188,5
189,1
189,2
189,4
189,5
190,0
190,1
190,3
190,5
191,0
191,2
191,3
191,5
192,1
192,2
192,4
192,5
192,7
192,8
193,1
193,3
193,4
194,0
194,1
194,3
195,1
195,2
196,0
196,1
196,3
197,0
197,2
198,0
198,1
198,3
199,0
199,2
200,0
200,1
200,3
200,4
200,6
200,7
201,1
201,3
202,0
202,2
202,3
203,0
203,2
203,3
203,5
204,0
204,2
205,0
205,1
205,3
206,0
206,2
206,3
206,5
207,0
207,1
207,3
207,4
208,1
208,3
208,4
209,1
209,2
210,0
210,1
210,3
211,1
211,2
212,0
212,1
212,3
213,1
213,2
214,0
214,1
214,3
215,0
215,2
216,0
216,1
216,3
217,0
217,2
218,0
218,1
218,3
219,0
219,2
220,0
220,1
220,3
220,4
221,1
221,2
222,0
222,2
222,3
223,1
223,2
223,4
223,6
223,7
223,9
223,10
223,12
223,13
223,15
223,17
223,18
223,20
223,21
223,23
223,25
223,26
223,28
223,29
223,31
223,32
223,34
223,64
223,65
223,67
224,0
224,2
225,0
225,1
225,3
226,0
226,2
226,3
227,1
227,3
228,2
229,1
229,2
230,0
230,2
230,3
230,1
229,3
229,0
227,2
227,0
226,1
225,2
224,3
224,1
223,66
223,35
223,33
223,30
223,27
223,24
223,22
223,19
223,16
223,14
223,11
223,8
223,5
223,3
223,0
222,1
221,3
221,0
220,2
219,3
219,1
218,2
217,3
217,1
216,2
215,3
215,1
214,2
213,3
213,0
212,2
211,3
211,0
210,2
209,3
209,0
208,2
208,0
207,2
206,6
206,4
206,1
205,2
204,3
204,1
203,4
203,1
202,4
202,1
201,2
201,0
200,5
200,2
199,3
199,1
198,2
197,3
197,1
196,2
195,3
195,0
194,2
193,5
193,2
193,0
192,6
192,3
192,0
191,4
191,1
190,4
190,2
189,6
189,3
189,0
188,4
188,1
187,4
187,2
186,3
186,0
185,2
184,2
183,2
182,5
182,3
182,0
181,3
181,1
180,2
179,3
179,0
178,2
177,3
177,0
176,3
176,0
175,6
175,3
175,1
174,2
173,3
173,1
172,2
171,3
171,1
170,2
169,3
169,0
168,3
168,0
167,2
167,0
166,4
166,1
165,10
165,8
165,5
165,2
165,0
164,9
164,6
164,3
164,1
163,4
163,1
162,5
162,2
161,9
0,273
0,405
0,272
0,404
0,271
0,403
0,270
0,402
0,269
0,440
0,268
0,401
0,267
0,400
0,266
0,399
0,265
0,398
0,264
0,397
0,263
0,396
0,262
0,439
0,261
0,395
0,260
0,394
0,259
0,393
0,258
0,392
0,257
0,391
0,256
0,390
0,255
0,389
0,254
0,438
0,253
0,388
0,252
0,387
0,251
0,386
0,250
0,385
0,249
0,384
0,248
0,383
0,247
0,382
0,246
0,381
0,245
0,449
0,244
0,379
0,242
0,378
0,241
0,461
0,240
0,376
0,239
0,375
0,238
0,460
0,237
0,373
0,236
0,372
0,235
0,371
0,234
0,370
0,233
0,369
0,232
0,368
0,231
0,459
0,230
0,366
0,229
0,365
0,228
0,458
0,227
0,363
0,226
0,360
0,225
0,359
0,224
0,358
0,223
0,357
0,222
0,356
0,221
0,355
0,220
0,354
0,219
0,353
0,218
0,457
0,217
0,351
0,216
0,350
0,215
0,349
0,214
0,348
0,213
0,452
0,212
0,346
0,211
0,345
0,210
0,344
0,209
0,343
0,208
0,342
0,207
0,341
0,206
0,340
0,205
0,339
0,204
0,338
0,203
0,337
0,202
0,336
0,201
0,335
0,200
0,334
0,199
0,333
0,198
0,332
0,197
0,436
0,196
0,331
0,195
0,330
0,194
0,329
0,193
0,328
0,192
0,456
0,63
0,326
0,62
0,435
0,61
0,450
0,60
0,324
0,59
0,323
0,58
0,321
0,57
0,320
0,56
0,319
0,55
0,318
0,54
0,317
0,53
0,316
0,52
0,315
0,51
0,314
0,50
0,313
0,49
0,312
0,48
0,311
0,47
0,309
0,46
0,306
0,45
0,301
0,6
0,5
0,1
0,11
0,4
0,2
0,3
0,7
